%YAML:1.0
calibration_time: "Fri 02 Dec 2016 02:32:00 PM PST"
nr_of_frames: 25
image_width: 1384
image_height: 1032
board_width: 8
board_height: 5
square_size: 50.
fix_aspect_ratio: 1.
flags: 6158
fisheye_model: 0
camera_matrix: !!opencv-matrix
   rows: 3
   cols: 3
   dt: d
   data: [ 3.2010448666381041e+02, 0., 6.9150000000000000e+02, 0.,
       3.2010448666381041e+02, 5.1550000000000000e+02, 0., 0., 1. ]
distortion_coefficients: !!opencv-matrix
   rows: 5
   cols: 1
   dt: d
   data: [ -2.1030604457941540e-01, 3.5855995680856768e-02, 0., 0.,
       -2.4660183391626957e-03 ]
avg_reprojection_error: 2.7816963936027133e+00
per_view_reprojection_errors: !!opencv-matrix
   rows: 25
   cols: 1
   dt: f
   data: [ 4.46449041e-01, 4.57530946e-01, 4.68472272e-01,
       4.81887043e-01, 5.35698116e-01, 6.20334959e+00, 6.09603500e+00,
       6.04390955e+00, 5.64100695e+00, 2.24681973e+00, 2.73262811e+00,
       1.73231053e+00, 1.73488939e+00, 1.65783727e+00, 1.63892817e+00,
       1.58008254e+00, 1.61021030e+00, 1.55842686e+00, 1.58440924e+00,
       2.01410079e+00, 1.44966948e+00, 1.42226839e+00, 1.51157308e+00,
       1.59271693e+00, 1.14620662e+00 ]
extrinsic_parameters: !!opencv-matrix
   rows: 25
   cols: 6
   dt: d
   data: [ -1.4242756727981343e-01, 2.4262977034873751e-01,
       3.0953444651158759e+00, 9.0969239788131645e+01,
       5.7093966445033395e+01, 5.2420334348152767e+02,
       -1.4253065718226540e-01, 2.3925341567453298e-01,
       3.0933392978245737e+00, 9.1998978515837948e+01,
       5.6985904800472873e+01, 5.2471633494673995e+02,
       -1.3732467437947354e-01, 2.3358379431667087e-01,
       3.0958305712208709e+00, 9.1695862965567372e+01,
       5.7627236310553677e+01, 5.2649679812381589e+02,
       -1.3506566423459687e-01, 2.2781427279183619e-01,
       3.0972291349842052e+00, 9.2078803259944479e+01,
       5.7610086693304417e+01, 5.2757745078703738e+02,
       -1.1162661532345335e-01, 2.4508591538643279e-01,
       3.1053204526951035e+00, 9.5228577138322322e+01,
       5.5230999040183093e+01, 5.2231835404390119e+02,
       7.9898618865298060e-02, 9.6906662568401347e-01,
       -2.9287524345459164e+00, 1.2566364182254192e+02,
       -3.0894760151910241e+01, 1.6917752184047461e+03,
       -4.7177030055682315e-02, 1.0060922207557028e+00,
       -2.9449878309516921e+00, 1.2775328208637154e+02,
       -2.8935867200097348e+01, 1.6882167897150132e+03,
       1.4056850681929009e-01, 1.0257403836811414e+00,
       -2.9008617235759315e+00, 1.1901695812423633e+02,
       -3.5381185146893962e+01, 1.7092087099077503e+03,
       3.6720069359929614e-01, 1.0408620762588860e+00,
       -2.8465337311496643e+00, 1.0901170143249868e+02,
       -3.1304829837833058e+01, 1.6928327988128801e+03,
       1.6045457018349281e+00, -1.1393486314540512e-01,
       -2.6630841907310505e+00, -4.4804923113343669e+01,
       4.4196993647823518e+01, 4.2237904626267255e+02,
       -1.6859927754467321e+00, -1.4346411542620072e-01,
       -2.4699860045061257e+00, 1.4247259716828367e+02,
       5.3906735627144663e+01, 2.0011237695701175e+02,
       -1.6772743667618522e+00, -1.1768335386416545e-01,
       -2.5090592498898041e+00, 1.5230919167412881e+02,
       5.4714011503501098e+01, 1.9457673304554490e+02,
       -1.6857885948390101e+00, -1.0582734631775058e-01,
       -2.5060315556349524e+00, 1.5309518418257639e+02,
       5.7086194673011391e+01, 1.9760636770530024e+02,
       -1.6838338350713273e+00, -1.0705903055646969e-01,
       -2.5064582911393765e+00, 1.5415906743853799e+02,
       5.8132108528656502e+01, 1.9959649709276820e+02,
       -1.6643134976233163e+00, -8.9069824648377899e-02,
       -2.5247475347592436e+00, 1.5737638634942101e+02,
       6.0325715360528754e+01, 2.0156678679647379e+02,
       -1.6537761797929840e+00, -7.8283523765787122e-02,
       -2.5326280500826659e+00, 1.5944307191928507e+02,
       6.2275405472000571e+01, 2.0352268343078097e+02,
       -1.6379656410508741e+00, -6.4895091507500738e-02,
       -2.5367726020482770e+00, 1.6075889687326801e+02,
       6.4960966211994702e+01, 2.0628767758614029e+02,
       -1.6329449122905000e+00, -5.0177869229550795e-02,
       -2.5437707096835545e+00, 1.6193813638519632e+02,
       6.5768484622907664e+01, 2.0765046168608467e+02,
       -1.6289682442293907e+00, -4.8682193046326330e-02,
       -2.5444037833507065e+00, 1.6221884878047823e+02,
       6.6116643339503113e+01, 2.0867666183235093e+02,
       1.2681814625482235e-01, -1.5755193234428095e+00,
       -2.7211961651334371e+00, 1.1125351504393974e+02,
       7.0688540383876187e+01, 2.6148450253577522e+02,
       5.2377972489600917e-02, 7.6730465373185897e-01,
       -2.9093791130620805e+00, 7.6314621968819054e+01,
       -3.3958438158442652e+02, 3.6784759382104028e+02,
       6.2493625254666271e-02, 7.5369699890097597e-01,
       -2.8965591599545495e+00, 7.9272186079045994e+01,
       -3.3623853444724392e+02, 3.6977599339893948e+02,
       6.5796908385955713e-02, 7.6356131612060818e-01,
       -2.8862880325275961e+00, 8.1391393296237695e+01,
       -3.3459585015048992e+02, 3.7014188314522443e+02,
       6.1746446753005883e-02, 7.5878628496419731e-01,
       -2.8752318993465398e+00, 8.4264296786124461e+01,
       -3.3078979603607132e+02, 3.6823326159919679e+02,
       -1.5122405944008349e-01, 7.7163091329687336e-02,
       1.6135557227722546e+00, 3.4703383046600784e+01,
       -2.2644939394570727e+02, 8.3382709268035342e+02 ]
