<?xml version="1.0"?>
<opencv_storage>
<calibration_time>"Fri 02 Dec 2016 02:18:18 PM PST"</calibration_time>
<nr_of_frames>25</nr_of_frames>
<image_width>1384</image_width>
<image_height>1032</image_height>
<board_width>8</board_width>
<board_height>5</board_height>
<square_size>50.</square_size>
<fix_aspect_ratio>1.</fix_aspect_ratio>
<flags>6158</flags>
<fisheye_model>0</fisheye_model>
<camera_matrix type_id="opencv-matrix">
  <rows>3</rows>
  <cols>3</cols>
  <dt>d</dt>
  <data>
    3.4143251966606937e+02 0. 6.9150000000000000e+02 0.
    3.4143251966606937e+02 5.1550000000000000e+02 0. 0. 1.</data></camera_matrix>
<distortion_coefficients type_id="opencv-matrix">
  <rows>5</rows>
  <cols>1</cols>
  <dt>d</dt>
  <data>
    -1.6292342967659815e-01 1.6187172468110342e-02 0. 0.
    -3.8951913220274415e-04</data></distortion_coefficients>
<avg_reprojection_error>5.4788672033500072e+00</avg_reprojection_error>
<per_view_reprojection_errors type_id="opencv-matrix">
  <rows>25</rows>
  <cols>1</cols>
  <dt>f</dt>
  <data>
    3.62937629e-01 3.67617869e+00 3.05684018e+00 3.33840132e+00
    3.21036887e+00 3.15377545e+00 3.09412313e+00 2.91366363e+00
    8.49890518e+00 5.88134229e-01 2.23197532e+00 2.20087790e+00
    6.62733030e+00 6.63906288e+00 6.98534536e+00 8.92105865e+00
    8.47527409e+00 8.41571617e+00 5.21740961e+00 5.22991133e+00
    5.21031904e+00 5.16931581e+00 5.20054674e+00 5.30415916e+00
    8.54048252e+00</data></per_view_reprojection_errors>
<extrinsic_parameters type_id="opencv-matrix">
  <rows>25</rows>
  <cols>6</cols>
  <dt>d</dt>
  <data>
    -1.4268111614314843e-01 1.6463925054204003e-02
    -3.0970070420506608e-03 -2.6550619545325179e+02
    -1.8562864016410364e+02 1.0671866475696606e+03
    -3.5631305506731242e-02 -1.0853189032485306e+00
    2.9336501754987955e-03 -2.0580663960485836e+02
    -1.6576929548751639e+02 1.4039061119319504e+02
    -3.0985534196186326e-02 7.2380686689988827e-01
    6.5192830449661926e-02 -7.5220557875920406e+01
    -1.6658689468380203e+02 4.6753683490695749e+02
    -6.6042765485703606e-02 7.7021406836850681e-01
    7.8665009884802101e-02 -6.6577622605195756e+01
    -1.7230719666689666e+02 4.7365040251908601e+02
    1.0478725513084006e+00 -1.8068043346920329e-01
    1.2768843120919546e-01 -2.3597604901109042e+02
    -5.0306517602004078e+02 2.8030433763319417e+02
    1.0994855538589623e+00 -1.4842707725009716e-01
    9.3328332421361543e-02 -2.2081940495245860e+02
    -4.7438254469130425e+02 2.8817407319983568e+02
    1.1236989376054529e+00 -1.0778569570131931e-01
    1.5928058966242764e-01 -1.9412239625024844e+02
    -4.7054761395026645e+02 2.9711552806821118e+02
    1.1440432716210545e+00 -9.5433558262975171e-02
    1.3988563451924149e-01 -1.8722082209360681e+02
    -4.6236362933708699e+02 2.9751237298481459e+02
    -7.8857893956586611e-01 -4.2950300929905025e-02
    -7.5608938639166290e-02 -2.3020256631270382e+02
    -7.7000285564337119e+01 2.6357651729521109e+02
    -1.5744138513970535e-01 3.9865596411035528e-02
    1.4380997395415387e+00 -4.0252940606631658e+00
    -2.6292467328567858e+02 1.1706564084606810e+03
    -1.8615585422207923e-01 5.3331835176509794e-02
    1.4451847013899293e+00 -2.2746993330413834e+00
    -2.6220049609521607e+02 1.1796060626003164e+03
    -1.9486887877117859e-01 5.5411737575209140e-02
    1.4672099151646529e+00 1.2523079547458285e+00
    -2.5768484369669670e+02 1.1816023367402083e+03
    5.7757440477989808e-01 1.0816545496567545e-01
    -5.0618720637640745e-02 -3.0008467980236856e+02
    -1.1948156109991508e+02 1.5759725563687641e+03
    6.3199578747516327e-01 -2.9470807865281626e-02
    -1.6672762871222352e-02 -2.7122801705010147e+02
    -9.9187533090006312e+01 1.5954219619120179e+03
    -2.8634843865955145e-01 1.6170422379896013e-01
    -5.0644646997074397e-02 -2.8445982785478253e+02
    -1.0168368264977835e+02 1.7482794010148264e+03
    -9.1966451020327655e-01 -6.0628592696180816e-01
    1.4267102201433870e+00 -1.0422404022887973e+02
    -2.5856421847429311e+02 3.1518775585024912e+02
    -8.8198716615314088e-01 -5.9095343695789826e-01
    1.4197047057579428e+00 -1.1062092938785605e+02
    -2.5981956155649380e+02 3.1442361933346706e+02
    -8.7153403585670719e-01 -5.8128122256644821e-01
    1.4259031395258543e+00 -1.1421237472941907e+02
    -2.6099206150181891e+02 3.1496602517844207e+02
    8.9939975579952935e-01 8.3470822687180513e-01 1.4202046827495309e+00
    1.2548739379851702e+02 -2.0549768757128828e+02
    2.1056403138353159e+02 8.8933234175772413e-01 8.4089046364458775e-01
    1.4229416522843157e+00 1.2543982675898033e+02
    -2.0614827464220249e+02 2.1123944265600051e+02
    8.9102887571233569e-01 8.2470658714260592e-01 1.4095302617050274e+00
    1.2545764177179612e+02 -2.0629808425749601e+02
    2.1076946633766869e+02 8.8681880605616226e-01 8.1015276168402517e-01
    1.4159185203817617e+00 1.2702193317161766e+02
    -2.0338299896189378e+02 2.1023139591746047e+02
    8.8161808048979640e-01 8.0917635021097845e-01 1.4139352246673258e+00
    1.2752418519986520e+02 -2.0341531373684703e+02
    2.0958917726280225e+02 6.1073925736345469e-01
    -5.9402447729086205e-01 1.6359944247714868e+00
    1.3550901811407269e+02 -5.7656712857660477e+02
    2.5170803169455752e+02 3.8250186931516311e-01
    -3.3439102666007242e-01 1.7547150565205110e+00
    1.5309394355609004e+02 -5.8699439075695102e+02
    2.4452006362156567e+02</data></extrinsic_parameters>
