<?xml version="1.0"?>
<opencv_storage>
<M1 type_id="opencv-matrix">
  <rows>3</rows>
  <cols>3</cols>
  <dt>d</dt>
  <data>
    3.0851698541724869e+02 0. 6.8497632479069557e+02 0.
    3.0674349539253342e+02 5.2420312666717234e+02 0. 0. 1.</data></M1>
<D1 type_id="opencv-matrix">
  <rows>4</rows>
  <cols>1</cols>
  <dt>d</dt>
  <data>
    2.9354224179232728e-02 -6.4643299125637196e-02
    6.4309753313752313e-02 -2.1863409809202376e-02</data></D1>
<M2 type_id="opencv-matrix">
  <rows>3</rows>
  <cols>3</cols>
  <dt>d</dt>
  <data>
    3.1146080325731219e+02 0. 6.6788504378052903e+02 0.
    3.0856906339375610e+02 5.3695451039967190e+02 0. 0. 1.</data></M2>
<D2 type_id="opencv-matrix">
  <rows>4</rows>
  <cols>1</cols>
  <dt>d</dt>
  <data>
    1.6386475176906466e-02 -4.0054479191208282e-02
    3.8748525039934256e-02 -1.4066850962111003e-02</data></D2>
<R type_id="opencv-matrix">
  <rows>3</rows>
  <cols>3</cols>
  <dt>d</dt>
  <data>
    9.9582154121799216e-01 8.1368410454147500e-02 4.1456481114394747e-02
    -8.3739611874108028e-02 9.9473398419624226e-01
    5.9092961410340393e-02 -3.6429870290690516e-02
    -6.2317593544966181e-02 9.9739128835445912e-01</data></R>
<T type_id="opencv-matrix">
  <rows>3</rows>
  <cols>1</cols>
  <dt>d</dt>
  <data>
    -3.4261375826649437e-01 1.8107877710368866e-02
    1.1838315708473583e-03</data></T>
<R1 type_id="opencv-matrix">
  <rows>3</rows>
  <cols>3</cols>
  <dt>d</dt>
  <data>
    9.9897301345488210e-01 2.8969289685773936e-02 3.4838177965756195e-02
    -3.0029843505459692e-02 9.9908920795833100e-01
    3.0314403181198501e-02 -3.3928260903111282e-02
    -3.1329455729335126e-02 9.9893310002011360e-01</data></R1>
<R2 type_id="opencv-matrix">
  <rows>3</rows>
  <cols>3</cols>
  <dt>d</dt>
  <data>
    9.9860029921443716e-01 -5.2778184364818362e-02
    -3.4504585187987089e-03 5.2646664194296575e-02
    9.9813404369701009e-01 -3.0931530228364115e-02
    5.0765301190558720e-03 3.0706580210249287e-02 9.9951555004098969e-01</data></R2>
<P1 type_id="opencv-matrix">
  <rows>3</rows>
  <cols>4</cols>
  <dt>d</dt>
  <data>
    4.7769681803896958e+02 0. 6.4703090272116106e+02 0. 0.
    4.7769681803896958e+02 6.0561085039980230e+02 0. 0. 0. 1. 0.</data></P1>
<P2 type_id="opencv-matrix">
  <rows>3</rows>
  <cols>4</cols>
  <dt>d</dt>
  <data>
    4.7769681803896958e+02 0. 6.4703090272116106e+02
    -1.6389490596891156e+02 0. 4.7769681803896958e+02
    6.0561085039980230e+02 0. 0. 0. 1. 0.</data></P2>
<Q type_id="opencv-matrix">
  <rows>4</rows>
  <cols>4</cols>
  <dt>d</dt>
  <data>
    1. 0. 0. -6.4703090272116106e+02 0. 1. 0. -6.0561085039980230e+02 0.
