<?xml version="1.0"?>
<opencv_storage>
<calibration_time>"Fri 14 Apr 2017 02:02:55 PM PDT"</calibration_time>
<crop_radius>400</crop_radius>
<K1 type_id="opencv-matrix">
  <rows>3</rows>
  <cols>3</cols>
  <dt>d</dt>
  <data>
    3.0750757411242284e+02 0. 6.8544508305028876e+02 0.
    3.0543095843427369e+02 5.2521504097457353e+02 0. 0. 1.</data></K1>
<D1 type_id="opencv-matrix">
  <rows>4</rows>
  <cols>1</cols>
  <dt>d</dt>
  <data>
    2.4061840587975818e-02 -5.0302192696572649e-02
    9.2085796367517903e-02 -5.4046288453628057e-02</data></D1>
<K2 type_id="opencv-matrix">
  <rows>3</rows>
  <cols>3</cols>
  <dt>d</dt>
  <data>
    3.1786598739463113e+02 0. 6.6713406938625144e+02 0.
    3.1580986273201916e+02 5.3679366808989732e+02 0. 0. 1.</data></K2>
<D2 type_id="opencv-matrix">
  <rows>4</rows>
  <cols>1</cols>
  <dt>d</dt>
  <data>
    -3.6677484524276003e-03 -1.8971604747288349e-02
    4.4720533790327942e-02 -2.3548505282932255e-02</data></D2>
<image_size>
  1384 1032</image_size>
<R type_id="opencv-matrix">
  <rows>3</rows>
  <cols>3</cols>
  <dt>d</dt>
  <data>
    9.9903589329585030e-01 3.1455837913566195e-02 3.0623751692401165e-02
    -3.0888058702643804e-02 9.9934526938781831e-01
    -1.8840392293446345e-02 -3.1196341710918962e-02
    1.7876319904957329e-02 9.9935340368185632e-01</data></R>
<T type_id="opencv-matrix">
  <rows>3</rows>
  <cols>1</cols>
  <dt>d</dt>
  <data>
    -3.4826065085449671e+00 1.2199442737104825e-01
    2.4125935746110072e-01</data></T>
<R1 type_id="opencv-matrix">
  <rows>3</rows>
  <cols>3</cols>
  <dt>d</dt>
  <data>
    9.9927266119343083e-01 -4.7748856939934707e-03
    -3.7833174040891794e-02 4.4174306295589535e-03
    9.9994486779303071e-01 -9.5261577255150200e-03
    3.7876574528752538e-02 9.3521035595020684e-03 9.9923866181257226e-01</data></R1>
<R2 type_id="opencv-matrix">
  <rows>3</rows>
  <cols>3</cols>
  <dt>d</dt>
  <data>
    9.9700046396349074e-01 -3.4924560208414876e-02
    -6.9067720035000169e-02 3.5575548750106871e-02
    9.9933320396958980e-01 8.2175285215818662e-03 6.8734672383834988e-02
    -1.0650001789814231e-02 9.9757812840607318e-01</data></R2>
<P1 type_id="opencv-matrix">
  <rows>3</rows>
  <cols>4</cols>
  <dt>d</dt>
  <data>
    4.6480510867137906e+02 0. 7.0819126384509525e+02 0. 0.
    4.6480510867137906e+02 5.1306773257708687e+02 0. 0. 0. 1. 0.</data></P1>
<P2 type_id="opencv-matrix">
  <rows>3</rows>
  <cols>4</cols>
  <dt>d</dt>
  <data>
    4.6480510867137906e+02 0. 7.0819126384509525e+02
    -1.6236033534315109e+03 0. 4.6480510867137906e+02
    5.1306773257708687e+02 0. 0. 0. 1. 0.</data></P2>
<F type_id="opencv-matrix">
  <rows>3</rows>
  <cols>3</cols>
  <dt>d</dt>
  <data>
    -9.3374677999450183e-07 -4.6478136833186245e-06
    9.9067703340416369e-04 5.4067071946589619e-06 3.4589110328514666e-06
    -8.7977890496795941e-03 -2.4592532384776211e-04
    4.4379379182380996e-03 1.</data></F>
<E type_id="opencv-matrix">
  <rows>3</rows>
  <cols>3</cols>
  <dt>d</dt>
  <data>
    -2.9516080244607484e-06 8.0347593064758710e-04
    -4.4396463548546983e-01 -8.1930639595143408e-04
    -5.5063096665566915e-06 5.5035873693430826e-01
    4.5187845638343849e-01 -5.4387977226022854e-01
    1.5014544556050483e-05</data></E>
<Q type_id="opencv-matrix">
  <rows>4</rows>
  <cols>4</cols>
  <dt>d</dt>
  <data>
    1. 0. 0. -7.0819126384509525e+02 0. 1. 0. -5.1306773257708687e+02 0.
    0. 0. 4.6480510867137906e+02 0. 0. 2.8627996344612511e-01 0.</data></Q>
</opencv_storage>
