<?xml version="1.0"?>
<opencv_storage>
<calibration_time>"Sat 18 Feb 2017 12:51:47 PM PST"</calibration_time>
<K1 type_id="opencv-matrix">
  <rows>3</rows>
  <cols>3</cols>
  <dt>d</dt>
  <data>
    3.1018365564503085e+02 0. 6.8718135215440884e+02 0.
    3.1062019894669692e+02 5.2537358629737173e+02 0. 0. 1.</data></K1>
<D1 type_id="opencv-matrix">
  <rows>4</rows>
  <cols>1</cols>
  <dt>d</dt>
  <data>
    1.0432760678489436e-02 -7.3488536253715070e-03
    2.3889111883013026e-03 -4.3779062841836197e-04</data></D1>
<K2 type_id="opencv-matrix">
  <rows>3</rows>
  <cols>3</cols>
  <dt>d</dt>
  <data>
    3.1025000916726475e+02 0. 6.6644006022805900e+02 0.
    3.1018170482299973e+02 5.3903603394635832e+02 0. 0. 1.</data></K2>
<D2 type_id="opencv-matrix">
  <rows>4</rows>
  <cols>1</cols>
  <dt>d</dt>
  <data>
    1.0633593415452161e-02 -1.0485676221722598e-02
    2.2094335234705978e-03 -2.1972857349622933e-04</data></D2>
<image_size>
  1384 1032</image_size>
<R type_id="opencv-matrix">
  <rows>3</rows>
  <cols>3</cols>
  <dt>d</dt>
  <data>
    9.9807645933101841e-01 4.9772542633992341e-02 3.6960456287840657e-02
    -5.1892313416519280e-02 9.9692017984765324e-01
    5.8799173640488998e-02 -3.3920040352860698e-02
    -6.0604034620395188e-02 9.9758537571988803e-01</data></R>
<T type_id="opencv-matrix">
  <rows>3</rows>
  <cols>1</cols>
  <dt>d</dt>
  <data>
    -3.4412368494675105e-01 1.8452433451179810e-02
    -6.8074746934900249e-03</data></T>
<R1 type_id="opencv-matrix">
  <rows>3</rows>
  <cols>3</cols>
  <dt>d</dt>
  <data>
    9.9855838157339183e-01 -4.8747451881420590e-03
    5.3454611109604179e-02 3.2365943230286609e-03 9.9952372622098884e-01
    3.0689496224240463e-02 -5.3578755554011037e-02
    -3.0472242790123241e-02 9.9809857197203899e-01</data></R1>
<R2 type_id="opencv-matrix">
  <rows>3</rows>
  <cols>3</cols>
  <dt>d</dt>
  <data>
    9.9837069227067632e-01 -5.3534149390454200e-02
    1.9749826936226136e-02 5.4113503662932112e-02 9.9808193555664027e-01
    -3.0069563296333000e-02 -1.8102197001805619e-02
    3.1089303056692635e-02 9.9935267333367206e-01</data></R2>
<P1 type_id="opencv-matrix">
  <rows>3</rows>
  <cols>4</cols>
  <dt>d</dt>
  <data>
    9.4712738678611625e+00 0. 7.0418452117526681e+02 0. 0.
    9.4712738678611625e+00 5.9844763787988859e+02 0. 0. 0. 1. 0.</data></P1>
<P2 type_id="opencv-matrix">
  <rows>3</rows>
  <cols>4</cols>
  <dt>d</dt>
  <data>
    9.4712738678611625e+00 0. 7.0418452117526681e+02
    -3.2646087167636910e+00 0. 9.4712738678611625e+00
    5.9844763787988859e+02 0. 0. 0. 1. 0.</data></P2>
<F type_id="opencv-matrix">
  <rows>3</rows>
  <cols>3</cols>
  <dt>d</dt>
  <data>
    1.6295157183300598e-06 -1.2204662459602389e-04
    5.5628958266282225e-02 1.2144226301937975e-04 2.0983174955130203e-06
    -7.4447823242753841e-02 -5.7468952304685683e-02
    7.2798349050003874e-02 1.</data></F>
<E type_id="opencv-matrix">
  <rows>3</rows>
  <cols>3</cols>
  <dt>d</dt>
  <data>
    2.3162959481592498e-05 8.4939290501431005e-04
    -6.4426208437814925e-01 -7.6980493061820383e-04
    -2.0438954048593151e-04 -2.9142032067488138e-01
    5.6450728050058052e-01 4.2582943206036578e-01 1.7889637161789233e-04</data></E>
<Q type_id="opencv-matrix">
  <rows>4</rows>
  <cols>4</cols>
  <dt>d</dt>
  <data>
    1. 0. 0. -7.0418452117526681e+02 0. 1. 0. -5.9844763787988859e+02 0.
    0. 0. 9.4712738678611625e+00 0. 0. 2.9011972611683561e+00 0.</data></Q>
</opencv_storage>
