camera_matrix:
    - [3.0750757411242284e+02, 0.0, 6.8544508305028876e+02]
    - [0.0, 3.0543095843427369e+02, 5.2521504097457353e+02]
    - [0.0, 0.0, 1.0]
distortion_coefficients: [2.4061840587975818e-02, -5.0302192696572649e-02, 9.2085796367517903e-02, -5.4046288453628057e-02]
size:
    rows: 1384
    cols: 1032
