camera_matrix:
    - [3.1786598739463113e+02, 0.0, 6.6713406938625144e+02]
    - [0.0, 3.1580986273201916e+02, 5.3679366808989732e+02]
    - [0.0, 0.0, 1.0]
distortion_coefficients: [-3.6677484524276003e-03, -1.8971604747288349e-02, 4.4720533790327942e-02, -2.3548505282932255e-02]
size:
    rows: 1384
    cols: 1032
